n2	n3	n4	n5	n6
100	100	100	100	100
100	100	100	100	100
100	100	100	100	100
100	100	100	100	100
100	100	100	100	100
100	100	100	100	100
100	100	100	100	100
98.2	100	100	100	100
100	100	100	100	100
100	100	100	100	100
100	100	100	100	100
100	100	100	100	100
100	100	100	100	100
100	100	100	100	100
99.9	100	100	100	100
99.7	100	100	100	100
97.6	100	100	100	100
61.7	96.3	100	100	100
100	100	100	100	100
99.7	100	100	100	100
99.5	100	100	100	100
98.2	100	100	100	100
98.2	100	100	100	100
98	100	100	100	100
97.7	99.7	100	100	100
97.4	100	100	100	100
95.6	100	100	100	100
94.6	100	100	100	100
94	99.9	100	100	100
93	100	100	100	100
92.7	100	100	100	100
92.4	100	100	100	100
89.4	100	100	100	100
88.3	100	100	100	100
86.5	99.9	100	100	100
86.1	99.9	100	100	100
59.4	98.8	100	100	100
50.3	93.4	100	100	100
51.8	97.8	99.2	99.5	100
48.6	95.3	100	100	100
48.3	97	100	100	100
47	95.8	100	100	100
43.2	98.1	100	100	100
39.4	97.4	100	100	100
32.1	94.3	100	100	100
99.7	100	100	100	100
96.8	97.4	98.9	99.4	100
96.6	99.6	100	100	100
96.5	100	100	100	100
95.9	100	100	100	100
91.8	94.7	98.6	98.6	100
75.8	99.3	100	100	100
73.7	99.8	100	100	100
71.7	99.5	99.9	99.9	100
69.4	98.7	100	100	100
60.1	97.9	99.5	99.5	100
56.3	97.8	100	100	100
54.3	95.5	99.6	100	100
51.4	97.6	100	100	100
50.7	95.5	100	100	100
50.2	96	100	100	100
49.1	96.6	99.8	100	100
46	96.6	100	100	100
45.7	96.1	100	100	100
42.3	95.6	99.6	99.9	99.9
41.7	94.5	100	100	100
41.7	88.8	98.3	99.1	100
41.3	95.7	98.9	99.6	100
34.3	90.6	99.4	100	100
25.7	83.5	99.3	99.3	100
25.2	82.9	98.6	99.6	100
23.6	74.3	95.1	97.1	100
21.9	73.2	96.5	96.5	100
21.1	80.1	98.5	99.2	100
18.7	76.9	98.6	98.9	100
18.3	75	95.6	97.6	100
17.5	73.4	97.9	98.8	100
17	74.5	97.6	99.5	100
16.8	73.1	94.2	97.8	100
13.7	63.9	92.8	98.2	100
8.8	49.8	86	93.6	100
4.7	42.3	84.3	94.7	100
			
				
				
				
				
				
				
				
				
				
				
				
				
				
				
				
				
				
				
				
				
				
				
				
				
				
				
				
				
				
				
				
				
				
				
				
				
				
				
				
				
				
				
				
				
				
				
				
				
				
				
				
				
				
				
				
				
				
				
				
				
				
				
				
				
				
				
				
				
				
				
				
				
				
				
				
				
				
				
				
				
				
				
				
				
				
				
				
				
				
				
				
				
				
				
				
				
				
				
				
				
				
				
				
				
				
				
				
				
				
				
				
				
				
				
				
				
				
				
				
				
				
				
				
				
				
				
				
				
				
				
				
				
				
				
				
				
				
				
				
				
				
				
				
				
				
				
				
				
				
				
				
				
				
				
				
				
				
				
				
				
				
				
				
				
				
				
				
				
				
				
				
				
				
				
				
				
				
				
				
				
				
				
				
				
				
				
				
				
				
				
				
				
				
				
				
				
				
				
				
				
				
				
				
				
				
				
				
				
				
				
				
				
				
				
				
				
				
				
				
				
				
				
				
				
				
				
				
				
				
				
				
				
				
				
				
				
				
				
				
				
				
				
				
				
				
				
				
				
				
				
				
				
				
				
				
				
				
				
				
				
				
				
				
				
				
				
				
				
				
				
				
				
				
				
				
				
				
				
				
				
				
				
				
				
				
				
				
				
				
				
				
				
				
				
				
				
				
				
				
				
				
				
				
				
				
				
				
				
				
				
				
				
				
				
				
				
				
				
				
				
				
				
				
				
				
				
				
				
				
				
				
				
				
				
				
				
				
				
				
				
				
				
				
				
				
				
				
				
				
				
				
				
				
				
				
				
				
				
				
				
				
				
				
				
				
				
				
				
				
				
				
				
				
				
				
				
				
				
				
				
				
				
				
				
				
				
				
				
				
				
				
				
				
				
				
				
				
				
				
				
				
				
				
				
				
				
				
				
				
				
				
				
				
				
				
				
				
				
				
				
				
				
				
				
				
				
				
				
				
				
				
				
				
				
				
				
				
				
				
				
				
				
				
				
				
				
				
				
				
				
				
				
				
				
				
				
				
				
				
				
				
				
				
				
				
				
				
				
				
				
				
				
				
				
				
				
				
				
				
				
				
				
				
				
				
				
				
				
				
				
				
				
				
				
				
				
				
				
				
				
				
				
				
				
				
				
				
				
				
				
				
				
				
				
				
				
				
				
				
				
				
				
				
				
				
				
				
				
				
				
				
				
				
				
				
				
				
				
				
				
				
				
				
				
				
				
				
				
				
				
				
				
				
				
				
				
				
				
				
				
				
				
				
				
				
				
				
				
				
				
				
				
				
				
				
				
				
				
				
				
				
				
				
				
				
				
				
				
				
				
				
				
				
				
				
				
				
				
				
				
				
				
				
				
				
				
				
				
				
				
				
				
				
				
				
				
				
				
				
				
				
				
				
				
				
				
				
				
				
				
				
				
				
				
				
				
				
				
				
				
				
				
				
				
				
				
				
				
				
				
				
				
				
				
				
				
				
				
				
				
				
				
				
				
				
				
				
				
				
				
				
				
				
				
				
				
				
				
				
				
				
				
				
				
				
				
				
				
				
				
				
				
				
				
				
				
				
				
				
				
				
				
				
				
				
				
				
				
				
				
				
				
				
				
				
				
				
				
				
				
				
				
				
				
				
				
				
				
				
				
				
				
				
				
				
				
				
				
				
				
				
				
				
				
				
				
				
				
				
				
				
				
				
				
				
				
				
				
				
				
				
				
				
				
				
				
				
				
				
				
				
				
				
				
				
				
				
				
				
				
				
				
				
				
				
				
				
				
				
				
				
				
				
				
				
				
				
				
				
				
				
				
				
				
				
				
				
				
				
				
				
				
				
				
				
				
				
				
				
				
				
				
				
				
				
				
				
				
				
				
				
				
				
				
				
				
				
				
				
				
				
				
				
				
				
				
				
				
				
				
				
				
				
				
				
				
				
				
				
				
				
				
				
				
				
				
				
				
				
				
				
				
				
				
				
				
				
				
				
				
				
				
				
				
				
				
				
				
				
				
				
				
				
				
				
				
				
